del <- 1:10
